  9.8493e+000
  3.9155e+001
  8.7195e+001
  1.5279e+002
  2.3431e+002
  3.2977e+002
  4.3681e+002
  5.5279e+002
  6.7485e+002
  8.0000e+002
  9.2515e+002
  1.0472e+003
  1.1632e+003
  1.2702e+003
  1.3657e+003
  1.4472e+003
  1.5128e+003
  1.5608e+003
  1.5902e+003

   0.0495
   0.0977
   0.1436
   0.1859
   0.2236
   0.2558
   0.2818
   0.3008
   0.3123
   0.3162
   0.3123
   0.3008
   0.2818
   0.2558
   0.2236
   0.1859
   0.1436
   0.0977
   0.0495

 -9.7720e-002
 -1.8587e-001
 -2.5583e-001
 -3.0075e-001
 -3.1623e-001
 -3.0075e-001
 -2.5583e-001
 -1.8587e-001
 -9.7720e-002
  4.9552e-013
  9.7720e-002
  1.8587e-001
  2.5583e-001
  3.0075e-001
  3.1623e-001
  3.0075e-001
  2.5583e-001
  1.8587e-001
  9.7720e-002

   0.1436
   0.2558
   0.3123
   0.3008
   0.2236
   0.0977
  -0.0495
  -0.1859
  -0.2818
  -0.3162
  -0.2818
  -0.1859
  -0.0495
   0.0977
   0.2236
   0.3008
   0.3123
   0.2558
   0.1436

  1.8587e-001
  3.0075e-001
  3.0075e-001
  1.8587e-001
 -2.6221e-014
 -1.8587e-001
 -3.0075e-001
 -3.0075e-001
 -1.8587e-001
 -2.8122e-014
  1.8587e-001
  3.0075e-001
  3.0075e-001
  1.8587e-001
 -3.3700e-014
 -1.8587e-001
 -3.0075e-001
 -3.0075e-001
 -1.8587e-001

  2.2361e-001
  3.1623e-001
  2.2361e-001
 -3.3429e-016
 -2.2361e-001
 -3.1623e-001
 -2.2361e-001
  1.4060e-015
  2.2361e-001
  3.1623e-001
  2.2361e-001
 -2.1856e-016
 -2.2361e-001
 -3.1623e-001
 -2.2361e-001
  8.6495e-016
  2.2361e-001
  3.1623e-001
  2.2361e-001

  2.5583e-001
  3.0075e-001
  9.7720e-002
 -1.8587e-001
 -3.1623e-001
 -1.8587e-001
  9.7720e-002
  3.0075e-001
  2.5583e-001
  3.6316e-015
 -2.5583e-001
 -3.0075e-001
 -9.7720e-002
  1.8587e-001
  3.1623e-001
  1.8587e-001
 -9.7720e-002
 -3.0075e-001
 -2.5583e-001

   0.2818
   0.2558
  -0.0495
  -0.3008
  -0.2236
   0.0977
   0.3123
   0.1859
  -0.1436
  -0.3162
  -0.1436
   0.1859
   0.3123
   0.0977
  -0.2236
  -0.3008
  -0.0495
   0.2558
   0.2818

 -3.0075e-001
 -1.8587e-001
  1.8587e-001
  3.0075e-001
 -5.8791e-014
 -3.0075e-001
 -1.8587e-001
  1.8587e-001
  3.0075e-001
 -8.0930e-014
 -3.0075e-001
 -1.8587e-001
  1.8587e-001
  3.0075e-001
 -5.5505e-014
 -3.0075e-001
 -1.8587e-001
  1.8587e-001
  3.0075e-001

   0.3123
   0.0977
  -0.2818
  -0.1859
   0.2236
   0.2558
  -0.1436
  -0.3008
   0.0495
   0.3162
   0.0495
  -0.3008
  -0.1436
   0.2558
   0.2236
  -0.1859
  -0.2818
   0.0977
   0.3123

 -3.1623e-001
 -7.7490e-015
  3.1623e-001
 -1.3481e-014
 -3.1623e-001
 -6.9145e-015
  3.1623e-001
  3.6286e-015
 -3.1623e-001
  1.2972e-014
  3.1623e-001
  1.1400e-014
 -3.1623e-001
  7.8486e-016
  3.1623e-001
 -1.4622e-014
 -3.1623e-001
 -1.1261e-014
  3.1623e-001

   0.3123
  -0.0977
  -0.2818
   0.1859
   0.2236
  -0.2558
  -0.1436
   0.3008
   0.0495
  -0.3162
   0.0495
   0.3008
  -0.1436
  -0.2558
   0.2236
   0.1859
  -0.2818
  -0.0977
   0.3123

  3.0075e-001
 -1.8587e-001
 -1.8587e-001
  3.0075e-001
 -6.2512e-014
 -3.0075e-001
  1.8587e-001
  1.8587e-001
 -3.0075e-001
 -6.4536e-016
  3.0075e-001
 -1.8587e-001
 -1.8587e-001
  3.0075e-001
  6.2857e-014
 -3.0075e-001
  1.8587e-001
  1.8587e-001
 -3.0075e-001

   0.2818
  -0.2558
  -0.0495
   0.3008
  -0.2236
  -0.0977
   0.3123
  -0.1859
  -0.1436
   0.3162
  -0.1436
  -0.1859
   0.3123
  -0.0977
  -0.2236
   0.3008
  -0.0495
  -0.2558
   0.2818

  2.5583e-001
 -3.0075e-001
  9.7720e-002
  1.8587e-001
 -3.1623e-001
  1.8587e-001
  9.7720e-002
 -3.0075e-001
  2.5583e-001
  2.7107e-013
 -2.5583e-001
  3.0075e-001
 -9.7720e-002
 -1.8587e-001
  3.1623e-001
 -1.8587e-001
 -9.7720e-002
  3.0075e-001
 -2.5583e-001

  2.2361e-001
 -3.1623e-001
  2.2361e-001
 -1.2751e-013
 -2.2361e-001
  3.1623e-001
 -2.2361e-001
  2.4441e-013
  2.2361e-001
 -3.1623e-001
  2.2361e-001
 -2.7836e-013
 -2.2361e-001
  3.1623e-001
 -2.2361e-001
  1.9112e-013
  2.2361e-001
 -3.1623e-001
  2.2361e-001

  1.8587e-001
 -3.0075e-001
  3.0075e-001
 -1.8587e-001
  1.7392e-013
  1.8587e-001
 -3.0075e-001
  3.0075e-001
 -1.8587e-001
  2.7366e-013
  1.8587e-001
 -3.0075e-001
  3.0075e-001
 -1.8587e-001
  2.1040e-013
  1.8587e-001
 -3.0075e-001
  3.0075e-001
 -1.8587e-001

   0.1436
  -0.2558
   0.3123
  -0.3008
   0.2236
  -0.0977
  -0.0495
   0.1859
  -0.2818
   0.3162
  -0.2818
   0.1859
  -0.0495
  -0.0977
   0.2236
  -0.3008
   0.3123
  -0.2558
   0.1436

 -9.7720e-002
  1.8587e-001
 -2.5583e-001
  3.0075e-001
 -3.1623e-001
  3.0075e-001
 -2.5583e-001
  1.8587e-001
 -9.7720e-002
 -1.2708e-014
  9.7720e-002
 -1.8587e-001
  2.5583e-001
 -3.0075e-001
  3.1623e-001
 -3.0075e-001
  2.5583e-001
 -1.8587e-001
  9.7720e-002

   0.0495
  -0.0977
   0.1436
  -0.1859
   0.2236
  -0.2558
   0.2818
  -0.3008
   0.3123
  -0.3162
   0.3123
  -0.3008
   0.2818
  -0.2558
   0.2236
  -0.1859
   0.1436
  -0.0977
   0.0495

